Furniture type:TvCabinet
0:0.000000 0.000000 0.333333 0.148148 
1:0.000000 0.000000 0.083333 0.000000 
2:0.000000 0.000000 0.000000 0.222222 
3:0.000000 0.000000 0.083333 0.000000 
4:0.000000 0.000000 0.083333 0.037037 
5:0.000000 0.000000 0.083333 0.074074 
6:0.000000 0.000000 0.083333 0.000000 
7:0.000000 0.000000 0.083333 0.037037 
8:0.000000 0.000000 0.000000 0.000000 
9:0.000000 0.000000 0.000000 0.037037 
10:0.000000 0.000000 0.000000 0.074074 
11:0.000000 0.000000 0.000000 0.037037 
12:0.000000 0.000000 0.083333 0.074074 
13:0.000000 0.000000 0.083333 0.037037 
14:0.000000 0.000000 0.000000 0.222222 
Furniture type:TV
0:0.000000 0.000000 0.090909 0.000000 
1:0.000000 0.000000 0.090909 0.074074 
2:0.000000 0.000000 0.090909 0.000000 
3:0.000000 0.000000 0.000000 0.037037 
4:0.000000 0.000000 0.272727 0.074074 
5:0.000000 0.000000 0.000000 0.074074 
6:0.000000 0.000000 0.090909 0.111111 
7:0.000000 0.000000 0.090909 0.074074 
8:0.000000 0.000000 0.181818 0.185185 
9:0.000000 0.000000 0.090909 0.111111 
10:0.000000 0.000000 0.000000 0.037037 
11:0.000000 0.000000 0.000000 0.074074 
12:0.000000 0.000000 0.000000 0.037037 
13:0.000000 0.000000 0.000000 0.037037 
14:0.000000 0.000000 0.000000 0.074074 
Furniture type:Sofa
0:0.000000 0.000000 0.042553 0.000000 
1:0.000000 0.000000 0.063830 0.000000 
2:0.000000 0.000000 0.021277 0.000000 
3:0.000000 0.000000 0.085106 0.066667 
4:0.000000 0.000000 0.234043 0.266667 
5:0.000000 0.000000 0.021277 0.000000 
6:0.000000 0.000000 0.063830 0.000000 
7:0.000000 0.000000 0.042553 0.000000 
8:0.000000 0.000000 0.106383 0.066667 
9:0.000000 0.000000 0.063830 0.000000 
10:0.000000 0.000000 0.085106 0.233333 
11:0.000000 0.000000 0.042553 0.033333 
12:0.000000 0.000000 0.042553 0.000000 
13:0.000000 0.000000 0.085106 0.133333 
14:0.000000 0.000000 0.000000 0.200000 
Furniture type:SingleSofa
0:0.000000 0.000000 0.046512 0.000000 
1:0.000000 0.000000 0.209302 0.148148 
2:0.000000 0.000000 0.000000 0.037037 
3:0.000000 0.000000 0.046512 0.000000 
4:0.000000 0.000000 0.255814 0.000000 
5:0.000000 0.000000 0.093023 0.000000 
6:0.000000 0.000000 0.000000 0.037037 
7:0.000000 0.000000 0.023256 0.148148 
8:0.000000 0.000000 0.000000 0.000000 
9:0.000000 0.000000 0.116279 0.296296 
10:0.000000 0.000000 0.023256 0.148148 
11:0.000000 0.000000 0.000000 0.037037 
12:0.000000 0.000000 0.046512 0.111111 
13:0.000000 0.000000 0.093023 0.000000 
14:0.000000 0.000000 0.046512 0.037037 
Furniture type:SofaPillow
0:0.000000 0.000000 0.106383 0.000000 
1:0.000000 0.000000 0.000000 0.086957 
2:0.000000 0.000000 0.000000 0.043478 
3:0.000000 0.000000 0.063830 0.000000 
4:0.000000 0.000000 0.148936 0.086957 
5:0.000000 0.000000 0.042553 0.000000 
6:0.000000 0.000000 0.063830 0.000000 
7:0.000000 0.000000 0.000000 0.043478 
8:0.000000 0.000000 0.042553 0.000000 
9:0.000000 0.000000 0.021277 0.000000 
10:0.000000 0.000000 0.021277 0.043478 
11:0.000000 0.000000 0.191489 0.434783 
12:0.000000 0.000000 0.000000 0.043478 
13:0.000000 0.000000 0.297872 0.173913 
14:0.000000 0.000000 0.000000 0.043478 
Furniture type:CoffeeTable
0:0.000000 0.000000 0.023810 0.034483 
1:0.000000 0.000000 0.023810 0.000000 
2:0.000000 0.000000 0.142857 0.206897 
3:0.000000 0.000000 0.095238 0.034483 
4:0.000000 0.000000 0.000000 0.000000 
5:0.000000 0.000000 0.023810 0.068966 
6:0.000000 0.000000 0.023810 0.000000 
7:0.000000 0.000000 0.333333 0.310345 
8:0.000000 0.000000 0.095238 0.000000 
9:0.000000 0.000000 0.047619 0.068966 
10:0.000000 0.000000 0.119048 0.034483 
11:0.000000 0.000000 0.047619 0.034483 
12:0.000000 0.000000 0.000000 0.103448 
13:0.000000 0.000000 0.000000 0.103448 
14:0.000000 0.000000 0.023810 0.000000 
Furniture type:Floor
0:0.064516 0.025974 0.045455 0.000000 
1:0.080645 0.090909 0.068182 0.032258 
2:0.064516 0.103896 0.068182 0.032258 
3:0.064516 0.077922 0.090909 0.193548 
4:0.145161 0.064935 0.136364 0.129032 
5:0.112903 0.129870 0.022727 0.000000 
6:0.032258 0.025974 0.113636 0.096774 
7:0.048387 0.051948 0.045455 0.193548 
8:0.048387 0.051948 0.045455 0.096774 
9:0.032258 0.051948 0.113636 0.032258 
10:0.145161 0.194805 0.113636 0.096774 
11:0.000000 0.038961 0.022727 0.000000 
12:0.048387 0.038961 0.000000 0.000000 
13:0.064516 0.051948 0.113636 0.096774 
14:0.048387 0.000000 0.000000 0.000000 
Furniture type:Wall
0:0.030303 0.011494 0.000000 0.031250 
1:0.272727 0.160920 0.229167 0.218750 
2:0.075758 0.068966 0.104167 0.156250 
3:0.075758 0.114943 0.125000 0.031250 
4:0.000000 0.000000 0.000000 0.000000 
5:0.015152 0.000000 0.000000 0.000000 
6:0.000000 0.022989 0.000000 0.000000 
7:0.000000 0.034483 0.000000 0.000000 
8:0.015152 0.126437 0.020833 0.000000 
9:0.000000 0.149425 0.083333 0.000000 
10:0.045455 0.091954 0.062500 0.062500 
11:0.030303 0.000000 0.000000 0.000000 
12:0.287879 0.160920 0.062500 0.218750 
13:0.060606 0.057471 0.104167 0.281250 
14:0.090909 0.000000 0.208333 0.000000 
Furniture type:Bed
0:0.250000 0.093750 0.000000 0.000000 
1:0.000000 0.000000 0.000000 0.000000 
2:0.147059 0.041667 0.000000 0.000000 
3:0.014706 0.031250 0.000000 0.000000 
4:0.058824 0.062500 0.000000 0.000000 
5:0.323529 0.125000 0.000000 0.000000 
6:0.014706 0.031250 0.000000 0.000000 
7:0.044118 0.072917 0.000000 0.000000 
8:0.014706 0.218750 0.000000 0.000000 
9:0.102941 0.041667 0.000000 0.000000 
10:0.014706 0.229167 0.000000 0.000000 
11:0.000000 0.000000 0.000000 0.000000 
12:0.000000 0.010417 0.000000 0.000000 
13:0.000000 0.041667 0.000000 0.000000 
14:0.014706 0.000000 0.000000 0.000000 
Furniture type:Closet
0:0.000000 0.153846 0.000000 0.000000 
1:0.000000 0.057692 0.000000 0.000000 
2:0.034483 0.096154 0.000000 0.000000 
3:0.068966 0.019231 0.000000 0.000000 
4:0.000000 0.153846 0.000000 0.000000 
5:0.000000 0.115385 0.000000 0.000000 
6:0.068966 0.076923 0.000000 0.000000 
7:0.034483 0.000000 0.000000 0.000000 
8:0.103448 0.000000 0.000000 0.000000 
9:0.517241 0.211538 0.000000 0.000000 
10:0.000000 0.038462 0.000000 0.000000 
11:0.000000 0.019231 0.000000 0.000000 
12:0.068966 0.000000 0.000000 0.000000 
13:0.000000 0.057692 0.000000 0.000000 
14:0.103448 0.000000 0.000000 0.000000 
Furniture type:Cabinet
0:0.018182 0.000000 0.000000 0.000000 
1:0.309091 0.066667 0.259259 0.125000 
2:0.018182 0.033333 0.037037 0.000000 
3:0.000000 0.066667 0.000000 0.156250 
4:0.000000 0.166667 0.074074 0.125000 
5:0.018182 0.066667 0.000000 0.062500 
6:0.000000 0.033333 0.000000 0.000000 
7:0.036364 0.083333 0.148148 0.093750 
8:0.181818 0.083333 0.074074 0.062500 
9:0.036364 0.000000 0.037037 0.000000 
10:0.090909 0.066667 0.111111 0.093750 
11:0.290909 0.033333 0.185185 0.062500 
12:0.000000 0.066667 0.037037 0.062500 
13:0.000000 0.166667 0.037037 0.125000 
14:0.000000 0.066667 0.000000 0.031250 
Furniture type:NightTable
0:0.255814 0.062500 0.000000 0.000000 
1:0.000000 0.000000 0.000000 0.000000 
2:0.000000 0.031250 0.000000 0.000000 
3:0.116279 0.000000 0.000000 0.000000 
4:0.069767 0.046875 0.000000 0.000000 
5:0.186047 0.062500 0.000000 0.000000 
6:0.046512 0.000000 0.000000 0.000000 
7:0.023256 0.078125 0.000000 0.000000 
8:0.093023 0.046875 0.000000 0.000000 
9:0.023256 0.140625 0.000000 0.000000 
10:0.023256 0.109375 0.000000 0.000000 
11:0.046512 0.031250 0.000000 0.000000 
12:0.046512 0.187500 0.000000 0.000000 
13:0.000000 0.187500 0.000000 0.000000 
14:0.069767 0.015625 0.000000 0.000000 
Furniture type:WallPhoto
0:0.120000 0.031746 0.045455 0.000000 
1:0.000000 0.015873 0.045455 0.000000 
2:0.040000 0.000000 0.136364 0.000000 
3:0.000000 0.158730 0.000000 0.000000 
4:0.080000 0.015873 0.000000 0.111111 
5:0.040000 0.126984 0.045455 0.111111 
6:0.120000 0.063492 0.090909 0.166667 
7:0.080000 0.190476 0.318182 0.222222 
8:0.000000 0.000000 0.000000 0.055556 
9:0.000000 0.126984 0.000000 0.055556 
10:0.080000 0.063492 0.045455 0.000000 
11:0.120000 0.047619 0.045455 0.000000 
12:0.320000 0.063492 0.136364 0.166667 
13:0.000000 0.047619 0.090909 0.111111 
14:0.000000 0.047619 0.000000 0.000000 
Furniture type:Dresser
0:0.000000 0.086957 0.000000 0.000000 
1:0.000000 0.130435 0.040000 0.000000 
2:0.000000 0.043478 0.080000 0.190476 
3:0.000000 0.000000 0.000000 0.142857 
4:0.000000 0.000000 0.040000 0.047619 
5:0.000000 0.086957 0.000000 0.000000 
6:0.000000 0.043478 0.000000 0.095238 
7:0.000000 0.043478 0.400000 0.047619 
8:0.000000 0.043478 0.240000 0.047619 
9:0.000000 0.000000 0.000000 0.095238 
10:0.000000 0.000000 0.160000 0.047619 
11:0.000000 0.000000 0.040000 0.047619 
12:0.000000 0.173913 0.000000 0.095238 
13:0.000000 0.173913 0.000000 0.095238 
14:0.000000 0.173913 0.000000 0.047619 
Furniture type:BedSheet
0:0.253731 0.100000 0.000000 0.000000 
1:0.000000 0.162500 0.000000 0.000000 
2:0.014925 0.025000 0.000000 0.000000 
3:0.089552 0.050000 0.000000 0.000000 
4:0.029851 0.000000 0.000000 0.000000 
5:0.059701 0.012500 0.000000 0.000000 
6:0.000000 0.025000 0.000000 0.000000 
7:0.268657 0.075000 0.000000 0.000000 
8:0.029851 0.062500 0.000000 0.000000 
9:0.000000 0.000000 0.000000 0.000000 
10:0.014925 0.000000 0.000000 0.000000 
11:0.000000 0.200000 0.000000 0.000000 
12:0.149254 0.225000 0.000000 0.000000 
13:0.029851 0.025000 0.000000 0.000000 
14:0.059701 0.037500 0.000000 0.000000 
Furniture type:BedPillow
0:0.000000 0.064103 0.000000 0.000000 
1:0.060606 0.051282 0.000000 0.000000 
2:0.196970 0.128205 0.000000 0.000000 
3:0.030303 0.000000 0.000000 0.000000 
4:0.000000 0.000000 0.000000 0.000000 
5:0.000000 0.025641 0.000000 0.000000 
6:0.015152 0.012821 0.000000 0.000000 
7:0.151515 0.064103 0.000000 0.000000 
8:0.060606 0.089744 0.000000 0.000000 
9:0.015152 0.089744 0.000000 0.000000 
10:0.060606 0.038462 0.000000 0.000000 
11:0.015152 0.000000 0.000000 0.000000 
12:0.348485 0.230769 0.000000 0.000000 
13:0.030303 0.166667 0.000000 0.000000 
14:0.015152 0.038462 0.000000 0.000000 
Furniture type:Window
0:0.032258 0.000000 0.000000 0.076923 
1:0.032258 0.054545 0.000000 0.000000 
2:0.258065 0.090909 0.200000 0.153846 
3:0.000000 0.054545 0.000000 0.000000 
4:0.096774 0.090909 0.133333 0.153846 
5:0.000000 0.036364 0.066667 0.076923 
6:0.032258 0.000000 0.000000 0.000000 
7:0.290323 0.200000 0.066667 0.000000 
8:0.032258 0.018182 0.000000 0.076923 
9:0.000000 0.018182 0.000000 0.000000 
10:0.129032 0.181818 0.266667 0.230769 
11:0.000000 0.036364 0.000000 0.000000 
12:0.032258 0.000000 0.000000 0.000000 
13:0.064516 0.200000 0.266667 0.230769 
14:0.000000 0.018182 0.000000 0.000000 
Furniture type:Curtain
0:0.100000 0.058824 0.181818 0.357143 
1:0.100000 0.000000 0.000000 0.000000 
2:0.000000 0.098039 0.000000 0.000000 
3:0.000000 0.196078 0.045455 0.071429 
4:0.000000 0.019608 0.000000 0.000000 
5:0.100000 0.000000 0.000000 0.000000 
6:0.000000 0.000000 0.000000 0.071429 
7:0.275000 0.117647 0.272727 0.214286 
8:0.100000 0.176471 0.090909 0.071429 
9:0.000000 0.078431 0.000000 0.000000 
10:0.175000 0.019608 0.227273 0.000000 
11:0.000000 0.019608 0.000000 0.000000 
12:0.050000 0.000000 0.045455 0.000000 
13:0.000000 0.137255 0.000000 0.000000 
14:0.100000 0.078431 0.136364 0.214286 
Furniture type:Desk
0:0.000000 0.047619 0.000000 0.000000 
1:0.000000 0.000000 0.000000 0.000000 
2:0.000000 0.079365 0.000000 0.000000 
3:0.000000 0.015873 0.000000 0.000000 
4:0.030303 0.111111 0.000000 0.000000 
5:0.212121 0.031746 0.000000 0.000000 
6:0.000000 0.031746 0.000000 0.000000 
7:0.000000 0.158730 0.000000 0.000000 
8:0.272727 0.142857 0.000000 0.000000 
9:0.000000 0.031746 0.000000 0.000000 
10:0.000000 0.111111 0.000000 0.000000 
11:0.000000 0.047619 0.000000 0.000000 
12:0.424242 0.142857 0.000000 0.000000 
13:0.000000 0.015873 0.000000 0.000000 
14:0.060606 0.031746 0.000000 0.000000 
Furniture type:Chair
0:0.324324 0.281250 0.000000 0.000000 
1:0.000000 0.093750 0.000000 0.000000 
2:0.135135 0.078125 0.000000 0.000000 
3:0.000000 0.031250 0.000000 0.000000 
4:0.135135 0.000000 0.000000 0.000000 
5:0.027027 0.000000 0.000000 0.000000 
6:0.162162 0.015625 0.000000 0.000000 
7:0.000000 0.078125 0.000000 0.000000 
8:0.054054 0.062500 0.000000 0.000000 
9:0.000000 0.031250 0.000000 0.000000 
10:0.027027 0.171875 0.000000 0.000000 
11:0.108108 0.015625 0.000000 0.000000 
12:0.000000 0.078125 0.000000 0.000000 
13:0.000000 0.031250 0.000000 0.000000 
14:0.027027 0.031250 0.000000 0.000000 
Furniture type:Carpet
0:0.000000 0.063830 0.000000 0.095238 
1:0.093750 0.000000 0.064516 0.000000 
2:0.187500 0.063830 0.225806 0.190476 
3:0.000000 0.063830 0.000000 0.000000 
4:0.000000 0.042553 0.064516 0.000000 
5:0.093750 0.085106 0.161290 0.047619 
6:0.031250 0.170213 0.096774 0.000000 
7:0.062500 0.000000 0.064516 0.000000 
8:0.125000 0.106383 0.096774 0.142857 
9:0.250000 0.085106 0.032258 0.142857 
10:0.000000 0.148936 0.032258 0.047619 
11:0.062500 0.021277 0.000000 0.000000 
12:0.000000 0.042553 0.000000 0.142857 
13:0.062500 0.021277 0.096774 0.142857 
14:0.031250 0.085106 0.064516 0.047619 
Furniture type:SideTable
0:0.352941 0.088235 0.347826 0.400000 
1:0.117647 0.000000 0.000000 0.000000 
2:0.264706 0.088235 0.173913 0.050000 
3:0.000000 0.117647 0.000000 0.150000 
4:0.088235 0.147059 0.000000 0.050000 
5:0.000000 0.117647 0.000000 0.050000 
6:0.058824 0.000000 0.173913 0.000000 
7:0.000000 0.029412 0.000000 0.000000 
8:0.000000 0.147059 0.086957 0.050000 
9:0.029412 0.029412 0.000000 0.000000 
10:0.000000 0.029412 0.000000 0.000000 
11:0.029412 0.058824 0.043478 0.000000 
12:0.029412 0.058824 0.086957 0.050000 
13:0.029412 0.000000 0.000000 0.000000 
14:0.000000 0.088235 0.086957 0.200000 
Decoration type:BalletShoe
0.000000 0.000000 1.000000 0.000000 
Decoration type:Backpack
0.000000 1.000000 0.000000 0.000000 
Decoration type:Basketball
0.000000 1.000000 0.000000 0.000000 
Decoration type:Book
0.300000 0.622222 0.022222 0.055556 
Decoration type:Candle
0.000000 0.000000 1.000000 0.000000 
Decoration type:Cap
0.000000 1.000000 0.000000 0.000000 
Decoration type:Clock
0.131579 0.842105 0.000000 0.026316 
Decoration type:CrystalBall
0.000000 0.000000 1.000000 0.000000 
Decoration type:Cup
0.533333 0.066667 0.266667 0.133333 
Decoration type:DigitalScale
0.000000 0.000000 0.000000 1.000000 
Decoration type:Doll
0.923077 0.076923 0.000000 0.000000 
Decoration type:DVD
0.000000 0.000000 0.000000 1.000000 
Decoration type:Earphone
0.000000 0.250000 0.000000 0.750000 
Decoration type:EiffelTower
1.000000 0.000000 0.000000 0.000000 
Decoration type:Figurine
0.202703 0.472973 0.148649 0.175676 
Decoration type:Flower
0.292135 0.000000 0.674157 0.033708 
Decoration type:Football
0.000000 1.000000 0.000000 0.000000 
Decoration type:GameHandle
0.000000 0.952381 0.000000 0.047619 
Decoration type:GiftBox
0.866667 0.000000 0.133333 0.000000 
Decoration type:GirlShoe
1.000000 0.000000 0.000000 0.000000 
Decoration type:Goblet
0.000000 0.000000 0.952381 0.047619 
Decoration type:Handbag
1.000000 0.000000 0.000000 0.000000 
Decoration type:Heart
1.000000 0.000000 0.000000 0.000000 
Decoration type:Lamp
0.308271 0.556391 0.120301 0.015038 
Decoration type:Laptop
0.363636 0.454545 0.090909 0.090909 
Decoration type:LoudSpeaker
0.137931 0.310345 0.000000 0.551724 
Decoration type:MakeUp
1.000000 0.000000 0.000000 0.000000 
Decoration type:Map
0.117647 0.882353 0.000000 0.000000 
Decoration type:MechanicalModel
0.000000 1.000000 0.000000 0.000000 
Decoration type:Mirror
0.750000 0.000000 0.250000 0.000000 
Decoration type:MP3
0.000000 0.000000 0.000000 1.000000 
Decoration type:Notebook
0.095238 0.857143 0.023810 0.023810 
Decoration type:Pad
0.000000 0.066667 0.000000 0.933333 
Decoration type:Pen
0.000000 1.000000 0.000000 0.000000 
Decoration type:Perfume
0.000000 0.000000 1.000000 0.000000 
Decoration type:PhotoFrame
0.240741 0.546296 0.175926 0.037037 
Decoration type:Plant
0.108696 0.630435 0.152174 0.108696 
Decoration type:RemoteControl
0.000000 0.000000 0.000000 1.000000 
Decoration type:SkaterShoe
0.000000 1.000000 0.000000 0.000000 
Decoration type:Skirt
0.000000 0.000000 1.000000 0.000000 
Decoration type:StackBoox
0.037037 0.370370 0.444444 0.148148 
Decoration type:TeaSet
0.000000 0.000000 0.500000 0.500000 
Decoration type:Telephone
0.076923 0.692308 0.038462 0.192308 
Decoration type:Tennis
0.000000 1.000000 0.000000 0.000000 
Decoration type:TennisRacket
0.000000 1.000000 0.000000 0.000000 
Decoration type:TissueBox
0.000000 1.000000 0.000000 0.000000 
Decoration type:TrashBin
0.043478 0.956522 0.000000 0.000000 
Decoration type:Vase
0.000000 0.000000 1.000000 0.000000 
