Furniture type:TvCabinet
0:0.000000 0.000000 0.375000 0.114286 
1:0.000000 0.000000 0.062500 0.000000 
2:0.000000 0.000000 0.062500 0.171429 
3:0.000000 0.000000 0.062500 0.000000 
4:0.000000 0.000000 0.062500 0.057143 
5:0.000000 0.000000 0.062500 0.057143 
6:0.000000 0.000000 0.125000 0.000000 
7:0.000000 0.000000 0.062500 0.057143 
8:0.000000 0.000000 0.000000 0.057143 
9:0.000000 0.000000 0.000000 0.028571 
10:0.000000 0.000000 0.000000 0.057143 
11:0.000000 0.000000 0.000000 0.028571 
12:0.000000 0.000000 0.062500 0.114286 
13:0.000000 0.000000 0.062500 0.085714 
14:0.000000 0.000000 0.000000 0.171429 
Furniture type:TV
0:0.000000 0.000000 0.200000 0.000000 
1:0.000000 0.000000 0.066667 0.057143 
2:0.000000 0.000000 0.066667 0.028571 
3:0.000000 0.000000 0.000000 0.028571 
4:0.000000 0.000000 0.200000 0.085714 
5:0.000000 0.000000 0.066667 0.085714 
6:0.000000 0.000000 0.133333 0.085714 
7:0.000000 0.000000 0.066667 0.057143 
8:0.000000 0.000000 0.133333 0.142857 
9:0.000000 0.000000 0.066667 0.114286 
10:0.000000 0.000000 0.000000 0.057143 
11:0.000000 0.000000 0.000000 0.085714 
12:0.000000 0.000000 0.000000 0.057143 
13:0.000000 0.000000 0.000000 0.057143 
14:0.000000 0.000000 0.000000 0.057143 
Furniture type:Sofa
0:0.000000 0.000000 0.084746 0.000000 
1:0.000000 0.000000 0.050847 0.000000 
2:0.000000 0.000000 0.016949 0.000000 
3:0.000000 0.000000 0.101695 0.078947 
4:0.000000 0.000000 0.186441 0.236842 
5:0.000000 0.000000 0.016949 0.000000 
6:0.000000 0.000000 0.050847 0.000000 
7:0.000000 0.000000 0.033898 0.000000 
8:0.000000 0.000000 0.118644 0.105263 
9:0.000000 0.000000 0.067797 0.000000 
10:0.000000 0.000000 0.084746 0.236842 
11:0.000000 0.000000 0.033898 0.052632 
12:0.000000 0.000000 0.033898 0.000000 
13:0.000000 0.000000 0.118644 0.105263 
14:0.000000 0.000000 0.000000 0.184211 
Furniture type:SingleSofa
0:0.000000 0.000000 0.037037 0.000000 
1:0.000000 0.000000 0.166667 0.147059 
2:0.000000 0.000000 0.018519 0.029412 
3:0.000000 0.000000 0.037037 0.000000 
4:0.000000 0.000000 0.203704 0.058824 
5:0.000000 0.000000 0.111111 0.000000 
6:0.000000 0.000000 0.000000 0.029412 
7:0.000000 0.000000 0.018519 0.147059 
8:0.000000 0.000000 0.018519 0.000000 
9:0.000000 0.000000 0.129630 0.264706 
10:0.000000 0.000000 0.055556 0.117647 
11:0.000000 0.000000 0.000000 0.058824 
12:0.000000 0.000000 0.055556 0.117647 
13:0.000000 0.000000 0.092593 0.000000 
14:0.000000 0.000000 0.055556 0.029412 
Furniture type:SofaPillow
0:0.000000 0.000000 0.120690 0.000000 
1:0.000000 0.000000 0.000000 0.068966 
2:0.000000 0.000000 0.000000 0.034483 
3:0.000000 0.000000 0.051724 0.000000 
4:0.000000 0.000000 0.120690 0.068966 
5:0.000000 0.000000 0.103448 0.000000 
6:0.000000 0.000000 0.051724 0.000000 
7:0.000000 0.000000 0.000000 0.034483 
8:0.000000 0.000000 0.068966 0.000000 
9:0.000000 0.000000 0.017241 0.034483 
10:0.000000 0.000000 0.017241 0.068966 
11:0.000000 0.000000 0.172414 0.379310 
12:0.000000 0.000000 0.000000 0.103448 
13:0.000000 0.000000 0.275862 0.172414 
14:0.000000 0.000000 0.000000 0.034483 
Furniture type:CoffeeTable
0:0.000000 0.000000 0.018519 0.055556 
1:0.000000 0.000000 0.018519 0.000000 
2:0.000000 0.000000 0.129630 0.166667 
3:0.000000 0.000000 0.111111 0.027778 
4:0.000000 0.000000 0.018519 0.000000 
5:0.000000 0.000000 0.055556 0.055556 
6:0.000000 0.000000 0.018519 0.000000 
7:0.000000 0.000000 0.351852 0.333333 
8:0.000000 0.000000 0.074074 0.000000 
9:0.000000 0.000000 0.037037 0.055556 
10:0.000000 0.000000 0.111111 0.027778 
11:0.000000 0.000000 0.037037 0.111111 
12:0.000000 0.000000 0.000000 0.083333 
13:0.000000 0.000000 0.000000 0.083333 
14:0.000000 0.000000 0.018519 0.000000 
Furniture type:Floor
0:0.074324 0.014815 0.053571 0.000000 
1:0.074324 0.066667 0.071429 0.025641 
2:0.060811 0.081481 0.089286 0.051282 
3:0.094595 0.059259 0.107143 0.153846 
4:0.128378 0.081481 0.125000 0.179487 
5:0.101351 0.111111 0.035714 0.000000 
6:0.013514 0.044444 0.107143 0.076923 
7:0.033784 0.037037 0.035714 0.153846 
8:0.074324 0.066667 0.053571 0.102564 
9:0.060811 0.044444 0.089286 0.051282 
10:0.155405 0.229630 0.089286 0.102564 
11:0.000000 0.081481 0.017857 0.000000 
12:0.020270 0.029630 0.000000 0.025641 
13:0.081081 0.051852 0.125000 0.076923 
14:0.027027 0.000000 0.000000 0.000000 
Furniture type:Wall
0:0.025478 0.013986 0.000000 0.025000 
1:0.331210 0.139860 0.229508 0.225000 
2:0.057325 0.055944 0.114754 0.150000 
3:0.057325 0.139860 0.098361 0.050000 
4:0.000000 0.013986 0.000000 0.000000 
5:0.057325 0.000000 0.000000 0.000000 
6:0.000000 0.013986 0.000000 0.000000 
7:0.006369 0.034965 0.000000 0.000000 
8:0.006369 0.132867 0.016393 0.000000 
9:0.000000 0.146853 0.114754 0.000000 
10:0.025478 0.104895 0.049180 0.075000 
11:0.012739 0.000000 0.016393 0.000000 
12:0.242038 0.139860 0.065574 0.225000 
13:0.057325 0.062937 0.098361 0.250000 
14:0.121019 0.000000 0.196721 0.000000 
Furniture type:Bed
0:0.215190 0.106383 0.000000 0.000000 
1:0.006329 0.000000 0.000000 0.000000 
2:0.151899 0.035461 0.000000 0.000000 
3:0.012658 0.035461 0.000000 0.000000 
4:0.025316 0.070922 0.000000 0.000000 
5:0.360759 0.099291 0.000000 0.000000 
6:0.018987 0.078014 0.000000 0.000000 
7:0.063291 0.078014 0.000000 0.000000 
8:0.006329 0.191489 0.000000 0.000000 
9:0.094937 0.028369 0.000000 0.000000 
10:0.012658 0.234043 0.000000 0.000000 
11:0.006329 0.000000 0.000000 0.000000 
12:0.006329 0.007092 0.000000 0.000000 
13:0.000000 0.035461 0.000000 0.000000 
14:0.018987 0.000000 0.000000 0.000000 
Furniture type:Closet
0:0.010638 0.130000 0.000000 0.000000 
1:0.000000 0.060000 0.000000 0.000000 
2:0.021277 0.100000 0.000000 0.000000 
3:0.053191 0.070000 0.000000 0.000000 
4:0.021277 0.180000 0.000000 0.000000 
5:0.000000 0.060000 0.000000 0.000000 
6:0.042553 0.060000 0.000000 0.000000 
7:0.031915 0.000000 0.000000 0.000000 
8:0.148936 0.000000 0.000000 0.000000 
9:0.436170 0.220000 0.000000 0.000000 
10:0.000000 0.030000 0.000000 0.000000 
11:0.021277 0.010000 0.000000 0.000000 
12:0.053191 0.000000 0.000000 0.000000 
13:0.000000 0.080000 0.000000 0.000000 
14:0.159574 0.000000 0.000000 0.000000 
Furniture type:Cabinet
0:0.045455 0.000000 0.000000 0.000000 
1:0.309091 0.070796 0.212121 0.150000 
2:0.009091 0.044248 0.030303 0.000000 
3:0.000000 0.061947 0.000000 0.150000 
4:0.000000 0.185841 0.060606 0.125000 
5:0.009091 0.088496 0.000000 0.050000 
6:0.000000 0.017699 0.000000 0.000000 
7:0.036364 0.079646 0.181818 0.075000 
8:0.181818 0.088496 0.121212 0.050000 
9:0.054545 0.000000 0.030303 0.000000 
10:0.081818 0.035398 0.121212 0.100000 
11:0.272727 0.026549 0.181818 0.100000 
12:0.000000 0.070796 0.030303 0.050000 
13:0.000000 0.159292 0.030303 0.125000 
14:0.000000 0.070796 0.000000 0.025000 
Furniture type:NightTable
0:0.227642 0.076271 0.000000 0.000000 
1:0.008130 0.000000 0.000000 0.000000 
2:0.032520 0.025424 0.000000 0.000000 
3:0.113821 0.000000 0.000000 0.000000 
4:0.065041 0.033898 0.000000 0.000000 
5:0.170732 0.101695 0.000000 0.000000 
6:0.048780 0.008475 0.000000 0.000000 
7:0.016260 0.084746 0.000000 0.000000 
8:0.105691 0.033898 0.000000 0.000000 
9:0.008130 0.161017 0.000000 0.000000 
10:0.008130 0.118644 0.000000 0.000000 
11:0.040650 0.016949 0.000000 0.000000 
12:0.081301 0.152542 0.000000 0.000000 
13:0.000000 0.169492 0.000000 0.000000 
14:0.073171 0.016949 0.000000 0.000000 
Furniture type:WallPhoto
0:0.068627 0.024590 0.071429 0.000000 
1:0.000000 0.008197 0.035714 0.000000 
2:0.058824 0.000000 0.142857 0.000000 
3:0.000000 0.122951 0.035714 0.000000 
4:0.078431 0.024590 0.000000 0.083333 
5:0.029412 0.172131 0.035714 0.208333 
6:0.058824 0.065574 0.142857 0.166667 
7:0.078431 0.147541 0.250000 0.208333 
8:0.000000 0.000000 0.000000 0.041667 
9:0.029412 0.098361 0.000000 0.041667 
10:0.068627 0.073770 0.035714 0.000000 
11:0.098039 0.073770 0.071429 0.000000 
12:0.401961 0.090164 0.107143 0.166667 
13:0.000000 0.049180 0.071429 0.083333 
14:0.029412 0.049180 0.000000 0.000000 
Furniture type:Dresser
0:0.000000 0.151515 0.000000 0.000000 
1:0.000000 0.166667 0.033333 0.000000 
2:0.000000 0.015152 0.066667 0.192308 
3:0.000000 0.000000 0.000000 0.153846 
4:0.000000 0.000000 0.033333 0.076923 
5:0.000000 0.075758 0.000000 0.000000 
6:0.000000 0.030303 0.000000 0.076923 
7:0.000000 0.060606 0.400000 0.038462 
8:0.000000 0.045455 0.233333 0.076923 
9:0.000000 0.000000 0.000000 0.076923 
10:0.000000 0.000000 0.166667 0.038462 
11:0.000000 0.000000 0.066667 0.038462 
12:0.000000 0.136364 0.000000 0.115385 
13:0.000000 0.121212 0.000000 0.076923 
14:0.000000 0.196970 0.000000 0.038462 
Furniture type:BedSheet
0:0.208861 0.114286 0.000000 0.000000 
1:0.000000 0.164286 0.000000 0.000000 
2:0.031646 0.035714 0.000000 0.000000 
3:0.069620 0.057143 0.000000 0.000000 
4:0.025316 0.000000 0.000000 0.000000 
5:0.037975 0.014286 0.000000 0.000000 
6:0.000000 0.021429 0.000000 0.000000 
7:0.297468 0.064286 0.000000 0.000000 
8:0.031646 0.071429 0.000000 0.000000 
9:0.006329 0.000000 0.000000 0.000000 
10:0.006329 0.000000 0.000000 0.000000 
11:0.000000 0.192857 0.000000 0.000000 
12:0.189873 0.192857 0.000000 0.000000 
13:0.044304 0.042857 0.000000 0.000000 
14:0.050633 0.028571 0.000000 0.000000 
Furniture type:BedPillow
0:0.019231 0.057971 0.000000 0.000000 
1:0.044872 0.050725 0.000000 0.000000 
2:0.173077 0.123188 0.000000 0.000000 
3:0.025641 0.000000 0.000000 0.000000 
4:0.006410 0.000000 0.000000 0.000000 
5:0.000000 0.021739 0.000000 0.000000 
6:0.019231 0.021739 0.000000 0.000000 
7:0.147436 0.043478 0.000000 0.000000 
8:0.083333 0.086957 0.000000 0.000000 
9:0.032051 0.086957 0.000000 0.000000 
10:0.051282 0.043478 0.000000 0.000000 
11:0.012821 0.000000 0.000000 0.000000 
12:0.326923 0.210145 0.000000 0.000000 
13:0.051282 0.224638 0.000000 0.000000 
14:0.006410 0.028986 0.000000 0.000000 
Furniture type:Window
0:0.008772 0.000000 0.000000 0.066667 
1:0.061404 0.046296 0.000000 0.000000 
2:0.263158 0.101852 0.190476 0.133333 
3:0.000000 0.037037 0.000000 0.000000 
4:0.087719 0.074074 0.142857 0.133333 
5:0.000000 0.064815 0.047619 0.200000 
6:0.017544 0.000000 0.000000 0.000000 
7:0.280702 0.157407 0.095238 0.000000 
8:0.035088 0.009259 0.000000 0.066667 
9:0.000000 0.018519 0.000000 0.000000 
10:0.175439 0.212963 0.238095 0.200000 
11:0.000000 0.018519 0.047619 0.000000 
12:0.026316 0.000000 0.000000 0.000000 
13:0.043860 0.231481 0.238095 0.200000 
14:0.000000 0.027778 0.000000 0.000000 
Furniture type:Curtain
0:0.093220 0.079208 0.137931 0.352941 
1:0.084746 0.000000 0.000000 0.000000 
2:0.000000 0.059406 0.000000 0.000000 
3:0.000000 0.188119 0.034483 0.058824 
4:0.025424 0.029703 0.000000 0.000000 
5:0.101695 0.000000 0.000000 0.000000 
6:0.000000 0.000000 0.000000 0.058824 
7:0.262712 0.108911 0.275862 0.176471 
8:0.084746 0.188119 0.137931 0.117647 
9:0.000000 0.148515 0.000000 0.058824 
10:0.211864 0.009901 0.241379 0.000000 
11:0.000000 0.019802 0.000000 0.000000 
12:0.067797 0.000000 0.068966 0.000000 
13:0.000000 0.118812 0.000000 0.000000 
14:0.067797 0.049505 0.103448 0.176471 
Furniture type:Desk
0:0.000000 0.025641 0.000000 0.000000 
1:0.028302 0.000000 0.000000 0.000000 
2:0.000000 0.076923 0.000000 0.000000 
3:0.028302 0.059829 0.000000 0.000000 
4:0.018868 0.136752 0.000000 0.000000 
5:0.216981 0.042735 0.000000 0.000000 
6:0.000000 0.059829 0.000000 0.000000 
7:0.000000 0.128205 0.000000 0.000000 
8:0.245283 0.111111 0.000000 0.000000 
9:0.000000 0.042735 0.000000 0.000000 
10:0.000000 0.128205 0.000000 0.000000 
11:0.000000 0.059829 0.000000 0.000000 
12:0.396226 0.085470 0.000000 0.000000 
13:0.000000 0.008547 0.000000 0.000000 
14:0.066038 0.034188 0.000000 0.000000 
Furniture type:Chair
0:0.324786 0.277311 0.000000 0.000000 
1:0.000000 0.058824 0.000000 0.000000 
2:0.102564 0.075630 0.000000 0.000000 
3:0.000000 0.016807 0.000000 0.000000 
4:0.145299 0.000000 0.000000 0.000000 
5:0.068376 0.000000 0.000000 0.000000 
6:0.128205 0.016807 0.000000 0.000000 
7:0.000000 0.100840 0.000000 0.000000 
8:0.076923 0.058824 0.000000 0.000000 
9:0.025641 0.058824 0.000000 0.000000 
10:0.017094 0.176471 0.000000 0.000000 
11:0.085470 0.016807 0.000000 0.000000 
12:0.017094 0.067227 0.000000 0.000000 
13:0.000000 0.016807 0.000000 0.000000 
14:0.008547 0.058824 0.000000 0.000000 
Furniture type:Carpet
0:0.000000 0.059406 0.000000 0.071429 
1:0.100000 0.000000 0.097561 0.035714 
2:0.172727 0.049505 0.243902 0.178571 
3:0.000000 0.029703 0.000000 0.000000 
4:0.000000 0.059406 0.073171 0.000000 
5:0.090909 0.099010 0.121951 0.035714 
6:0.018182 0.128713 0.073171 0.000000 
7:0.081818 0.000000 0.073171 0.000000 
8:0.109091 0.118812 0.073171 0.142857 
9:0.281818 0.089109 0.024390 0.142857 
10:0.027273 0.178218 0.024390 0.035714 
11:0.045455 0.009901 0.024390 0.000000 
12:0.000000 0.049505 0.000000 0.142857 
13:0.036364 0.069307 0.097561 0.142857 
14:0.036364 0.059406 0.073171 0.071429 
Furniture type:SideTable
0:0.336283 0.102564 0.437500 0.375000 
1:0.132743 0.000000 0.000000 0.000000 
2:0.274336 0.064103 0.125000 0.125000 
3:0.000000 0.128205 0.000000 0.166667 
4:0.088496 0.192308 0.000000 0.041667 
5:0.000000 0.166667 0.031250 0.041667 
6:0.061947 0.000000 0.156250 0.000000 
7:0.000000 0.012821 0.000000 0.000000 
8:0.000000 0.089744 0.062500 0.041667 
9:0.017699 0.012821 0.000000 0.000000 
10:0.000000 0.025641 0.031250 0.000000 
11:0.017699 0.025641 0.031250 0.000000 
12:0.044248 0.076923 0.062500 0.041667 
13:0.026549 0.000000 0.000000 0.000000 
14:0.000000 0.102564 0.062500 0.166667 
Decoration type:BalletShoe
0.000000 0.000000 1.000000 0.000000 
Decoration type:Backpack
0.000000 1.000000 0.000000 0.000000 
Decoration type:Basketball
0.000000 1.000000 0.000000 0.000000 
Decoration type:Book
0.398693 0.535948 0.013072 0.052288 
Decoration type:Candle
0.000000 0.000000 1.000000 0.000000 
Decoration type:Cap
0.000000 1.000000 0.000000 0.000000 
Decoration type:Clock
0.337079 0.651685 0.000000 0.011236 
Decoration type:CrystalBall
0.000000 0.000000 1.000000 0.000000 
Decoration type:Cup
0.775862 0.103448 0.068966 0.051724 
Decoration type:DigitalScale
0.000000 0.000000 0.000000 1.000000 
Decoration type:Doll
0.957983 0.042017 0.000000 0.000000 
Decoration type:DVD
0.000000 0.000000 0.050000 0.950000 
Decoration type:Earphone
0.000000 0.615385 0.000000 0.384615 
Decoration type:EiffelTower
1.000000 0.000000 0.000000 0.000000 
Decoration type:Figurine
0.314050 0.454545 0.107438 0.123967 
Decoration type:Flower
0.434783 0.000000 0.543478 0.021739 
Decoration type:Football
0.000000 1.000000 0.000000 0.000000 
Decoration type:GameHandle
0.000000 0.979167 0.000000 0.020833 
Decoration type:GiftBox
0.954023 0.000000 0.045977 0.000000 
Decoration type:GirlShoe
1.000000 0.000000 0.000000 0.000000 
Decoration type:Goblet
0.000000 0.000000 0.960000 0.040000 
Decoration type:Handbag
1.000000 0.000000 0.000000 0.000000 
Decoration type:Heart
1.000000 0.000000 0.000000 0.000000 
Decoration type:Lamp
0.367647 0.514706 0.107843 0.009804 
Decoration type:Laptop
0.433962 0.528302 0.018868 0.018868 
Decoration type:LoudSpeaker
0.254902 0.411765 0.000000 0.333333 
Decoration type:MakeUp
1.000000 0.000000 0.000000 0.000000 
Decoration type:Map
0.344828 0.655172 0.000000 0.000000 
Decoration type:MechanicalModel
0.000000 1.000000 0.000000 0.000000 
Decoration type:Mirror
0.984848 0.000000 0.015152 0.000000 
Decoration type:MP3
0.000000 0.000000 0.000000 1.000000 
Decoration type:Notebook
0.136986 0.835616 0.013699 0.013699 
Decoration type:Pad
0.000000 0.157895 0.000000 0.842105 
Decoration type:Pen
0.000000 1.000000 0.000000 0.000000 
Decoration type:Perfume
0.000000 0.000000 1.000000 0.000000 
Decoration type:PhotoFrame
0.343373 0.463855 0.150602 0.042169 
Decoration type:Plant
0.246914 0.580247 0.098765 0.074074 
Decoration type:RemoteControl
0.000000 0.000000 0.000000 1.000000 
Decoration type:SkaterShoe
0.000000 1.000000 0.000000 0.000000 
Decoration type:Skirt
0.000000 0.000000 1.000000 0.000000 
Decoration type:StackBoox
0.062500 0.450000 0.350000 0.137500 
Decoration type:TeaSet
0.000000 0.000000 0.333333 0.666667 
Decoration type:Telephone
0.166667 0.685185 0.018519 0.129630 
Decoration type:Tennis
0.000000 1.000000 0.000000 0.000000 
Decoration type:TennisRacket
0.000000 1.000000 0.000000 0.000000 
Decoration type:TissueBox
0.000000 1.000000 0.000000 0.000000 
Decoration type:TrashBin
0.115385 0.884615 0.000000 0.000000 
Decoration type:Vase
0.000000 0.333333 0.666667 0.000000 
